s: the actual eigenvalues of the decomposition
[  2.36008902e+05   1.03628691e+05   2.76780419e+04   2.15665970e+04
   1.48928105e+04   9.07897821e+03   6.88504428e+03   3.84899959e+03
   3.52355252e+03   7.62628482e+02   2.89749234e+02   6.80050403e+01]
Wt: the weight vector
[[ -3.81582959e-01  -3.82869503e-01  -2.37813960e-01  -3.83373400e-01
   -5.29234445e-02  -6.00032268e-02  -6.10306459e-02  -3.32230269e-01
   -3.48036903e-01  -3.41976698e-01  -2.53657428e-01  -2.85222612e-01]
 [  8.02875418e-02  -4.41925946e-03  -1.74423619e-01  -5.73417848e-03
   -5.46310909e-01  -5.44567980e-01  -5.06927713e-01  -8.58378444e-02
   -5.49582768e-02   1.42245091e-01   1.44295484e-01   2.44231241e-01]
 [ -7.12958132e-02  -1.60592945e-01   1.40323884e-01  -1.33408584e-01
    1.19546380e-01   1.01770729e-01   2.25084018e-01  -3.63354258e-01
   -3.99233004e-01   2.37547288e-01   6.15922501e-01   3.59338541e-01]
 [  8.09117240e-02   3.17390610e-02  -9.09390888e-01   2.04527446e-02
    1.65427200e-01   8.44636628e-02   1.91963671e-01   9.41255416e-02
   -3.07497271e-04   1.22964390e-01  -3.19562945e-02   2.62076983e-01]
 [ -4.15148994e-02   4.99557334e-02  -2.18489822e-01   3.30099867e-02
    2.98157615e-02   2.73403302e-02  -1.60412900e-01   1.80442010e-01
    1.43099494e-01  -3.25778463e-01   7.22864752e-01  -4.87732369e-01]
 [  3.55833722e-02   3.10797706e-02  -2.76315103e-02  -2.57874694e-02
    3.61687422e-01   4.55682585e-01  -7.76659327e-01  -1.60731738e-01
   -2.59282434e-02   1.42419387e-01  -5.56596798e-02   6.91882309e-02]
 [ -1.11930095e-01  -1.26161777e-01   9.46847358e-02  -1.11080426e-01
   -5.00226941e-02   1.18592764e-01  -1.18203460e-01   7.71589706e-01
   -4.59680587e-01  -1.87986726e-01   9.00048942e-03   2.78631108e-01]
 [  6.45209621e-02   3.44076779e-02   9.67887350e-04   1.02751063e-02
   -4.11376584e-01   4.42112865e-01   3.56658446e-02  -2.11581052e-01
    2.60809144e-01  -5.80056231e-01   3.38868658e-02   4.22112081e-01]
 [  7.68562328e-02  -3.36171812e-02   8.27311637e-02  -6.33081739e-02
    5.93237536e-01  -5.09890050e-01  -7.24369474e-02  -4.51660198e-02
    1.69946305e-01  -4.59647866e-01   1.98645537e-02   3.49789091e-01]
 [ -8.60447989e-02   4.28626522e-01  -4.45415984e-02   6.44858177e-01
    3.52828038e-02  -5.67590626e-02  -1.11115062e-02  -1.91921349e-01
   -5.28732924e-01  -2.49711840e-01  -7.25718051e-02  -4.94435260e-02]
 [  8.26239595e-01   1.60223463e-01   1.57131147e-03  -3.51405805e-01
   -2.04829427e-02   1.78988948e-02   4.25664545e-02  -6.30335363e-02
   -3.27446049e-01  -1.35433102e-01  -4.28267337e-02  -1.85056328e-01]
 [  3.47354481e-01  -7.71692539e-01  -6.32730362e-03   5.26536481e-01
    7.14618075e-03   3.00328139e-02  -2.06903082e-02  -3.27908695e-03
   -1.80072001e-02  -3.28009067e-02  -9.94061214e-03  -6.05304640e-02]]